import numpy as np
import array
name = 'TChiHH, sp 28' 
print(name)
nbins = 22
data = array.array('d',	[138., 91., 14., 3., 54., 38., 4., 0., 8., 2., 4., 0., 1., 3., 1., 1., 42., 6., 1., 4., 0., 0.])
background = array.array('d',	[160.57, 90.439, 11.512, 2.7508, 53.529, 28.319, 2.5856, 2.6029, 5.0628, 2.1711, 0.063528, 0.88532, 2.6812, 1.2599, 0.41911, 0.67201, 33.567, 7.3285, 1.6546, 4.0289, 0.88189, 0.19966])
covariance = array.array('d',	[174.53, 6.6015, 0.24033, 0.16301, 19.641, 6.5058, 0.51482, 0.51896, 1.7541, 0.63462, 0.0071535, 0.42204, 1.3973, 0.6174, 0.17097, 0.28599, -0.55431, -0.13053, 0.023063, -0.050273, -0.0066856, 0.010901, 6.6015, 89.086, 0.59307, -0.040768, 7.1883, 7.6952, 0.34741, 0.38524, 1.0099, 0.45024, 0.0090811, 0.24563, 0.8593, 0.4282, 0.11738, 0.235, -0.20405, -0.043178, 0.039525, -0.15449, -0.010021, 0.016484, 0.24033, 0.59307, 9.6717, -0.013185, 0.57172, 0.40393, 0.44993, 0.034133, 0.081477, 0.035466, 0.0016835, 0.072487, 0.07084, 0.043026, 0.01724, 0.020015, 0.036957, 0.038504, 0.021068, -0.017429, 0.0018316, 0.0037086, 0.16301, -0.040768, -0.013185, 3.7086, 0.26592, 0.12917, -0.0018394, 0.53756, 0.03348, 0.0099703, 0.0013969, 0.05909, 0.011818, 0.0053547, 0.0066769, 0.039206, 0.01953, -0.019306, 0.026782, 0.017321, -0.0028869, 0.004678, 19.641, 7.1883, 0.57172, 0.26592, 69.769, 6.9343, 0.53944, 0.83915, 1.9804, 0.75935, 0.017656, 0.30107, 1.6605, 0.74745, 0.21598, 0.22403, -0.29352, -0.015723, 0.047573, -0.0019959, 0.015415, 0.011116, 6.5058, 7.6952, 0.40393, 0.12917, 6.9343, 27.886, 0.32037, 0.33678, 1.0355, 0.41047, 0.0088519, 0.15608, 0.86477, 0.39308, 0.10364, 0.15087, -0.26987, -0.029755, 0.0061128, -0.064878, 0.01266, 0.012766, 0.51482, 0.34741, 0.44993, -0.0018394, 0.53944, 0.32037, 1.6989, 0.018391, 0.085106, 0.027993, 0.00031948, 0.0016985, 0.066982, 0.027653, 0.010186, 0.0040093, -0.064983, -0.011168, 0.018238, 0.014527, 0.0025145, 0.002796, 0.51896, 0.38524, 0.034133, 0.53756, 0.83915, 0.33678, 0.018391, 3.7714, 0.097948, 0.050305, 0.0020123, 0.047142, 0.077996, 0.038752, 0.015964, 0.027286, 0.00010828, -0.014612, 0.019777, 0.025722, 0.0040989, 0.0066999, 1.7541, 1.0099, 0.081477, 0.03348, 1.9804, 1.0355, 0.085106, 0.097948, 2.108, 0.11774, 0.0029267, 0.031247, 0.52975, 0.11148, 0.025859, 0.035434, 0.032784, -0.0064673, 0.0050357, 0.0025507, -0.0025658, 0.00063239, 0.63462, 0.45024, 0.035466, 0.0099703, 0.75935, 0.41047, 0.027993, 0.050305, 0.11774, 0.5019, 0.0013264, 0.014796, 0.093513, 0.14549, 0.014689, 0.018732, 0.021843, 0.0026622, 0.0044499, -0.0047469, 0.00021335, 0.00076955, 0.0071535, 0.0090811, 0.0016835, 0.0013969, 0.017656, 0.0088519, 0.00031948, 0.0020123, 0.0029267, 0.0013264, 0.0068986, 0.00018439, 0.0014365, 0.0010374, 0.014008, 0.00098142, -0.00074426, -0.000083124, 0.00090013, 0.0009795, 0.00017785, 0.00023144, 0.42204, 0.24563, 0.072487, 0.05909, 0.30107, 0.15608, 0.0016985, 0.047142, 0.031247, 0.014796, 0.00018439, 4.7606, 0.034739, 0.013835, 0.0074571, 1.9832, 0.077283, 0.00020706, 0.0091791, 0.071254, 0.0075183, 0.0048576, 1.3973, 0.8593, 0.07084, 0.011818, 1.6605, 0.86477, 0.066982, 0.077996, 0.52975, 0.093513, 0.0014365, 0.034739, 0.8703, 0.0914, 0.022939, 0.028326, 0.0096429, -0.0016885, 0.0036512, -0.0050764, -0.00015988, 0.0011329, 0.6174, 0.4282, 0.043026, 0.0053547, 0.74745, 0.39308, 0.027653, 0.038752, 0.11148, 0.14549, 0.0010374, 0.013835, 0.0914, 0.28907, 0.012526, 0.01471, 0.0016202, 0.0026628, 0.0034901, -0.0027467, -0.0017976, -0.00030849, 0.17097, 0.11738, 0.01724, 0.0066769, 0.21598, 0.10364, 0.010186, 0.015964, 0.025859, 0.014689, 0.014008, 0.0074571, 0.022939, 0.012526, 0.20885, 0.0058111, 0.0061781, 0.0043033, 0.0019085, 0.0024922, 0.00065465, 0.00080853, 0.28599, 0.235, 0.020015, 0.039206, 0.22403, 0.15087, 0.0040093, 0.027286, 0.035434, 0.018732, 0.00098142, 1.9832, 0.028326, 0.01471, 0.0058111, 1.776, 0.069126, 0.0084516, 0.010217, 0.031039, 0.0072454, 0.0053606, -0.55431, -0.20405, 0.036957, 0.01953, -0.29352, -0.26987, -0.064983, 0.00010828, 0.032784, 0.021843, -0.00074426, 0.077283, 0.0096429, 0.0016202, 0.0061781, 0.069126, 33.322, 5.4061, 1.6076, 1.1925, 0.0703, 0.076723, -0.13053, -0.043178, 0.038504, -0.019306, -0.015723, -0.029755, -0.011168, -0.014612, -0.0064673, 0.0026622, -0.000083124, 0.00020706, -0.0016885, 0.0026628, 0.0043033, 0.0084516, 5.4061, 3.2707, 0.56638, 0.070334, 0.262, 0.037656, 0.023063, 0.039525, 0.021068, 0.026782, 0.047573, 0.0061128, 0.018238, 0.019777, 0.0050357, 0.0044499, 0.00090013, 0.0091791, 0.0036512, 0.0034901, 0.0019085, 0.010217, 1.6076, 0.56638, 0.84312, 0.077431, 0.035806, 0.10276, -0.050273, -0.15449, -0.017429, 0.017321, -0.0019959, -0.064878, 0.014527, 0.025722, 0.0025507, -0.0047469, 0.0009795, 0.071254, -0.0050764, -0.0027467, 0.0024922, 0.031039, 1.1925, 0.070334, 0.077431, 1.9029, 0.20303, 0.017535, -0.0066856, -0.010021, 0.0018316, -0.0028869, 0.015415, 0.01266, 0.0025145, 0.0040989, -0.0025658, 0.00021335, 0.00017785, 0.0075183, -0.00015988, -0.0017976, 0.00065465, 0.0072454, 0.0703, 0.262, 0.035806, 0.20303, 0.13004, 0.045037, 0.010901, 0.016484, 0.0037086, 0.004678, 0.011116, 0.012766, 0.002796, 0.0066999, 0.00063239, 0.00076955, 0.00023144, 0.0048576, 0.0011329, -0.00030849, 0.00080853, 0.0053606, 0.076723, 0.037656, 0.10276, 0.017535, 0.045037, 0.041594])
third_moment = array.array('d',	[456.69, 216.349, 20.4459, 11.1834, 223.787, 66.9344, 2.73344, 12.2239, 2.24935, 0.300774, 0.00170956, 3.08295, 0.772409, 0.173894, 0.24212, 1.43719, 96.3718, 3.88287, 0.900496, 2.30716, 0.0461215, 0.00956027])
for i in range(len(third_moment)):
    third_moment[i]=third_moment[i]*.9
signal = array.array('d', [3.1573642750648245, 5.401590180318765, 0.6972453540943094, 0.15260357063513072, 7.205832185017748, 11.161422502607968, 1.9112644752863142, 0.5326719468108013, 1.24249842374812, 1.439839614255511, 0.19246748623468476, 0.05104713590445118, 3.493097816845318, 4.090641918729866, 0.5269381770782058, 0.12954528673528767, 0.36873825763795487, 0.0447755290936328, 0.004510960410697824, 0.5742062374770825, 0.017249643455036733, 0.002420503784636219])
